-0.9972638618494815635449811287
-0.9856115115452683354001750446
-0.9647622555875064307738119281
-0.9349060759377396891709191348
-0.8963211557660521239653072437
-0.8493676137325699701336930050
-0.7944837959679424069630972990
-0.7321821187402896803874266651
-0.6630442669302152009751151687
-0.5877157572407623290407454764
-0.5068999089322293900237474744
-0.4213512761306353453641194362
-0.3318686022821276497799168057
-0.2392873622521370745446032092
-0.1444719615827964934851863736
-0.04830766568773831623481257044
0.04830766568773831623481257044
0.1444719615827964934851863736
0.2392873622521370745446032092
0.3318686022821276497799168057
0.4213512761306353453641194362
0.5068999089322293900237474744
0.5877157572407623290407454764
0.6630442669302152009751151687
0.7321821187402896803874266651
0.7944837959679424069630972990
0.8493676137325699701336930050
0.8963211557660521239653072437
0.9349060759377396891709191348
0.9647622555875064307738119281
0.9856115115452683354001750446
0.9972638618494815635449811287