0.007018610009470096600407063739
0.01627439473090567060517056221
0.02539206530926205945575258979
0.03427386291302143310268773225
0.04283589802222668065687864661
0.05099805926237617619616324469
0.05868409347853554714528363730
0.06582222277636184683765006371
0.07234579410884850622539935648
0.07819389578707030647174091883
0.08331192422694675522219907460
0.08765209300440381114277146275
0.09117387869576388471286857711
0.09384439908080456563918023767
0.09563872007927485941908200220
0.09654008851472780056676483006
0.09654008851472780056676483006
0.09563872007927485941908200220
0.09384439908080456563918023767
0.09117387869576388471286857711
0.08765209300440381114277146275
0.08331192422694675522219907460
0.07819389578707030647174091883
0.07234579410884850622539935648
0.06582222277636184683765006371
0.05868409347853554714528363730
0.05099805926237617619616324469
0.04283589802222668065687864661
0.03427386291302143310268773225
0.02539206530926205945575258979
0.01627439473090567060517056221
0.007018610009470096600407063739